 1  4 23 20 29  6 45 58 
22 19  2  5 46 57 28  7 
 3 24 21 30 27 44 59 56 
18 31 26 47 60 63  8 43 
25 14 37 62 39 48 55 64 
32 17 34 49 52 61 42  9 
13 36 15 38 11 40 51 54 
16 33 12 35 50 53 10 41 
64 0
 7  4  9 24 31  2 19 22 
10 25  6  3 20 23 34  1 
 5  8 27 30 35 32 21 18 
26 11 56 49 28 41 36 33 
57 50 29 42 61 54 17 40 
12 43 60 55 48 39 62 37 
51 58 45 14 53 64 47 16 
44 13 52 59 46 15 38 63 
64 0
11 14 29 38  1 16 19 58 
28 37 12 15 30 59  2 17 
13 10 35 42 39 18 57 20 
36 27 40 31 60 45 62  3 
 9 34 43 52 41 56 21 46 
26 51 32 55 44 61  4 63 
33  8 49 24 53  6 47 22 
50 25 54  7 48 23 64  5 
64 0
 5 24  7 46  3 22 17 44 
 8 47  4 23 18 45  2 21 
25  6 49 52 57 20 43 16 
48  9 60 19 50 53 58  1 
37 26 51 56 59 42 15 54 
10 29 38 61 34 55 64 41 
27 36 31 12 39 62 33 14 
30 11 28 35 32 13 40 63 
64 0
